0.7200217383122944
0.4476153500300861
-0.8548947744185256
-0.027211678387158766
0.7902923668900361
-0.5463143234107193
0.21192509467596254
-0.014021815519642544
0.7112363645370299
0.9642041315010803
0.026769195791865652
0.03068790172751834
-0.6457740806028647
-0.8051944636823656
0.04262186859921968
0.04026723661275966
-0.6976250734795464
0.5231633642193056
0.95449240683029
-0.7341818486167329
-0.23153286474596557
-0.7049066596392226
-0.0642458855417658
-0.6739471538740012
0.7880920579958399
-0.49057995879811855
0.5929488387193196
0.8402705064356866
0.8194608289561489
0.8510548688325592
0.35168160219331845
-0.08357536679477917
0.3265954826446298
0.6857778650757149
0.9910068615757166
-0.5969168999603736
0.12517324963010967
-0.44810815189120623
-0.3179442686941143
0.09269226659179486
0.30542950724313345
0.12646768539881492
0.5115470400563744
-0.025742710412872682
0.3153383756857546
0.4947389903891217
0.49342453425376975
0.8035143608695967
0.18390387813308262
0.8086608496665191
0.0774480852896442
-0.2581036829665053
0.0040284048017937835
0.0636024105337345
0.7163199089875603
0.4855069877751834
0.055760117188666136
0.36319773494182783
0.04867119468674597
0.2728985586514172
-0.7136640495890507
-0.956619779466755
0.9053754198434434
-0.984730263317569
-0.41813327486398943
0.6201304407754265
0.46905387532836507
-0.9557952629762059
0.09196983324782027
-0.03498746658866114
0.8047715725858864
0.3037217836477186
0.09737881721858832
-0.23789637892059368
-0.8244469680027495
0.2135314219720299
0.7894631601312896
0.7769275291697477
0.8561293266489565
0.3035104924980767
0.9035070672294934
-0.3934353964838726
-0.610521547756206
-0.8685004380062842
-0.10998617747361461
0.4305736054016487
0.2851906949276799
-0.3908783437582466
0.30941418816951805
-0.8075525798705141
0.6438217330642275
0.08440475002935699
0.1836563950516985
0.6683536484077606
-0.26278110116723097
0.3221102463104968
-0.8449833998219489
-0.9129554530189252
-0.1781710690452991
-0.5100116744088208