0.9640000000000001
1.8559999999999999
2.676
3.424
4.1000000000000005
4.704
5.236000000000001
5.696000000000001
6.084
6.4
6.644
6.816
6.9159999999999995
6.944000000000001
6.8999999999999995
6.784
6.596
6.336
6.003999999999999
5.6000000000000005
0.9640000000000001
1.8559999999999999
2.676
3.424
4.1000000000000005
4.704
5.236000000000001
5.696000000000001
6.084
6.4
6.644
6.816
6.9159999999999995
6.944000000000001
6.8999999999999995
6.784
6.596
6.336
6.003999999999999
5.6000000000000005
0.9640000000000001
1.8559999999999999
2.676
3.424
4.1000000000000005
4.704
5.236000000000001
5.696000000000001
6.084
6.4
6.644
6.816
6.9159999999999995
6.944000000000001
6.8999999999999995
6.784
6.596
6.336
6.003999999999999
5.6000000000000005
0.9640000000000001
1.8559999999999999
2.676
3.424
4.1000000000000005
4.704
5.236000000000001
5.696000000000001
6.084
6.4
6.644
6.816
6.9159999999999995
6.944000000000001
6.8999999999999995
6.784
6.596
6.336
6.003999999999999
5.6000000000000005
0.9640000000000001
1.8559999999999999
2.676
3.424
4.1000000000000005
4.704
5.236000000000001
5.696000000000001
6.084
6.4
6.644
6.816
6.9159999999999995
6.944000000000001
6.8999999999999995
6.784
6.596
6.336
6.003999999999999
5.6000000000000005