1.0456271695973292
1.1426394786052494
0.9560705072019937
0.5274390731552306
-0.02349970014506093
-0.5837329847559226
-0.9722747574137687
-1.1489003738156944
-1.028598514890934
-0.6691333909812153
-0.13435237225882823
0.4268248023417798
0.8831837271952095
1.1342525364230167
1.1005184664073935
0.792768153727214
0.29364298313767373
-0.28224708062293896
-0.7845070514688196
-1.0821627590621143
-1.1400668211814815
-0.8963854412446935
-0.45407077610892094
0.1205993788157384
0.6523865734317513
1.0283428841298112
1.1430079285455808
0.9819874394592416
0.5810194363053827
0.05274951853057403
-0.49998469661092504
-0.9398509776375084
-1.136752023671745
-1.0632514936684105
-0.7147442348392457
-0.208913694864583
0.36678472460569345
0.8410260512022508
1.1032724492337658
1.1125388059630286
0.8505360650470759
0.3749996877760594
-0.19537316219713463
-0.7116960956756235
-1.0504361959183144
-1.1310912461414764
-0.9437120091276104
-0.5159230112123663
0.04318724663421783
0.5923291335217734
0.9783875036895743
1.138740899446803
1.0262233155184708
0.6482039868397157
0.11485639491821882
-0.4467924739287649
-0.8953580998125755
-1.1387664069206902
-1.0933396932856367
-0.7901886325633979
-0.27541308708167517
0.2935361213895434
0.7775289672550884
1.088462772498355
1.1317442193301843
0.8846504761208029
0.43326910837956667
-0.13273385245426417
-0.6653274716087071
-1.0201591411791555
-1.1451369370420799
-0.9920634795323412
-0.5855853842305093
-0.0349054004284295
0.5122786294143575
0.9457732126796694
1.1392749085792298
1.0622549121904241
0.7075187203825817
0.19838057761340008
-0.36985358374576716
-0.8450874033625241
-1.1078469870901213
-1.1038525774977201
-0.8337132625220471
-0.356236317352376
0.2151183840404664
0.7176498287709667
1.0556820136870295
1.1471852590207356
0.9418585163940008
0.5059640766115123
-0.05479994856181812
-0.5947327681891794
-0.986109138168038
-1.155358246847422
-1.025946421395788
-0.6507116459040181
-0.12237189015482622
0.4461261360092484