0.4964670717619827
-0.3021870053079372
-0.3339109700322232
0.0686408855433718
0.4407205913868544
-0.28223792672584874
-0.8152508899634665
-0.17390106718141685
-0.32124414963866726
-0.5686598007972777
-0.7769346035435728
-0.2801841602644384
-0.7354865643441049
-0.7455623836744968
-0.2580621179664199
-0.12184985186600228
-0.5238640439400508
0.10577508131614138
-0.06477533283781478
0.6251649214291508
0.9632107404798658
0.17063939329475397
-0.5717443406149878
-0.9136829016881444
-0.5516134201928341
-0.840487715682439
-0.04801447178565945
-0.26709894494140446
0.4208052265007366
-0.4327342015127001
-0.6582819797813378
-0.3725058460622503
0.0014721847967045128
0.040056450088506355
-0.48503909986321625
-0.32340749289150583
-0.8618426185039432
-0.4643760599965411
-0.7753604116546517
-0.9129171266186973
-0.4084816551974247
0.1292529970427551
0.0579331007841965
-0.0700545838280733
-0.3887337970715318
0.035261814111922474
0.2748942013654407
0.6380225869559796
0.3163184680918947
0.32632585317361873
-0.09371270801856803
-0.6708947268707234
0.34902906184189575
-0.3166868683717705
-0.7822455454695578
-0.1622423170126389
-0.1625490931303814
0.5317701688132387
0.3869591179952671
0.5538398591252366
0.9621328036689419
0.5175174272645098
0.8862106394334751
0.6928618290159249
0.6308668859883012
-0.035032097066511
0.39529462716165564
-0.47160750045133115
-0.8581378208123264
-0.43537878858520557
-0.15466232347681844
0.48465737862410774
-0.026749734515734626
-0.2752721696846289
-0.48536201708583887
-0.3551496852055939
-0.6194556644938004
0.12186065792630091
-0.3099728565132358
-0.41100540271104213
0.12710923590444073
0.22703694796708976
0.4129410048821854
0.532244486552197
0.23605092178925582
-0.0893559139051971
0.5021358077958176
0.6339233485499034
0.008965910570218106
-0.14399495326297354
0.11149316353052552
-0.10644239363134614
0.14888860281808539
0.09485877980441156
-0.3332931866162647
-0.4407692484218696
-0.22624598925657238
-0.09835637793947839
0.4764279674218614
0.5631136305568241