0.490772957258516
0.92109105774184
1.766736972218882
2.7599519861702637
3.7825512919758664
4.752980691632762
5.677729351223299
6.501040864309856
7.239610733125473
7.872273443113806
8.414621553239959
8.85528533892882
9.19508207598789
9.445910076071483
9.593000177230081
9.630986856251209
9.565645741883785
9.393038787508585
9.122635024199562
8.767686603332175
8.293992475985378
4.823394644095576
3.702720481021021
3.7297932557402214
4.265702248396103
5.008544736449977
5.793542913816489
6.5542457405735215
7.254769675949678
7.892095027936273
8.434424692073817
8.867259729730922
9.207988658085844
9.443576184072477
9.591274868182095
9.624831270470994
9.569832429692598
9.406390875350475
9.131198958829298
8.768633342468062
8.313042821556923
4.841110638287407
3.7251874089699992
3.741754444100018
4.276042022253261
5.017643511111399
5.80124973372459
6.564905555094274
7.27341656876763
7.903639044460147
8.424265870892496
8.85538267893473
9.199125551376625
9.434477626452397
9.570147806220286
9.607328606365076
9.550453898381308
9.382586082780097
9.121256389141779
8.754114530205914
8.304105647199185
4.835280496303639
3.7114953406009876
3.7284459701059016
4.264328615682103
4.995183201438387
5.787138640893167
6.55149874064069
7.254352727385046
7.893024996064191
8.427563991329482
8.857060700794403
9.195990641236877
9.44098297183386
9.576126804791473
9.618945111238421
9.556550161446841
9.399982824633321
9.127186495907026
8.766658861308972
8.301275007936331
4.824013324855066
3.716328781728803
3.7372931485008483
4.266613699787307
5.00264213705668
5.798445943762069
6.556523781159647
7.258479078467292
7.895621577234804
8.432142302329202
8.866923751085196
9.199430750054665
9.439095553015212
9.585329939833748
9.613922663757444
9.551223918455369
9.388225840544383
9.119589013107179
8.760310926350087