0.
1.0061586546477548
0.5746085892455507
-0.0806290314662948
-0.041727731711701785
0.11576769909171115
-0.14676932563876727
-0.24661216117561896
-0.04362346726438615
0.05437200617817697
-0.037125005181772086
-0.016102492683088502
0.06678985157846982
0.04734732450377319
-0.012934362645073957
-0.013019381835757418
0.01101318526334871
0.0024366231894409167
-0.012805674531184337
-0.009067671404805008
0.0010601582534425194
-0.006880322278012989
-0.007403492800026818
0.010940706176014786
0.007741667624193007
-0.009051417534904637
0.0030600554494773016
0.012559689717445775
-0.0059675939054512316
-0.015855449407152188
-0.0035820786413479494
-0.006006290782646948
-0.013675641710176463
0.0014967346151779585
0.005314258570368553
0.009693227537322848
0.006185702351657078
0.00032578253143306524
0.0022634339548299595
-0.006192912218681986
-0.012057946787804938
-0.010962718149304013
-0.004820744494993817
0.0010866059476079696
-0.008162730883921025
-0.007654709494466843
0.00971644942236144
0.011852705383998463
0.003744066727695787
0.004760596061355552
-0.0013709726770681895