
N: 50

n: 3

Theta values:
-0.5640141634588797
0.41085041095205976
-0.24546837176253952

yk values:
1.0061586546477548
-0.5674877319080652
0.08929331396538531
0.034573964069908036
-0.15063967382105692
-0.06264660060979879
0.14058602352899266
0.05037520543167094
-0.04068922697924592
0.011946184627727854
0.05398597130362101
-0.019517397521293355
-0.035173123428127395
0.004688729006665592
0.01035303533976225
-0.009593243106538949
-0.008385633912615483
0.006346328162059116
0.005520280792436331
-0.000745035468665217
-0.0011800127170009476
0.0065419922034772905
0.0010886562425935632
-0.007523539794100635
0.001945906762663769
0.005600197682961517
-0.0073450277748264015
-0.0036047811258984918
0.0077748143376020614
0.003407903040405761
-0.0030290192571031174
0.005807945938941968
0.006124855594197525
-0.004988468119809977
0.0009745544331663239
-0.003651153312086661
-0.0008108396185080669
-2.1728389440753455e-05
-0.0026611552061265404
0.004342853667359376
0.0037008907930358046
0.002749279991995656
0.001174775481601601
9.75345727886553e-05
0.006233668633021723
0.0006969758411856173
-0.006621463375052148
-0.0008140973977863231
0.0003729011955337651
-0.004056256542996529

noise values:
0.0
1.1490839351534299
-0.16144955107263786
-0.08447913353187998
0.23271648559911387
-0.29190067413919296
-0.4976642509192878
-0.08253457050304251
0.09990207864502784
-0.06458034731354267
-0.03494406034865011
0.1343544847696938
0.0907717782252459
-0.026080989258319694
-0.016429181222624826
0.021315665896730257
-0.0031144170649842666
-0.02783979737406242
-0.012062860054765227
0.0038691035576967603
-0.007757333708256918
-0.014034040341938536
0.012458950965957831
0.017118204458234657
-0.010813394850238873
-0.001151889585350183
0.02094915283242938
-0.004467674439546367
-0.024909391676701424
-0.005615187492142515
-0.003927621000223798
-0.021638097945333393
-0.003162069385108211
0.01346683296856505
0.009786707848486419
0.01145412071950293
0.003774340595584821
0.0018149052342368516
-0.004858173618033444
-0.018481309502395852
-0.016018970092950537
-0.007778331006965029
-0.0003204263231546332
-0.006649595375577236
-0.01126297914927504
0.011186285709033536
0.019516293087010007
0.004788080423907793
0.006146880723262977
0.0038409280282628022

Math expectation: 0.008047777942904616

Math dispersion: 0.035850085623181115
